building 225 177 299 268
building 303 189 376 265
building 396 144 416 214
building 251 73 324 151
building 39 112 118 200
building 69 36 114 109
building 19 215 111 285
building 50 328 99 413
building 1 347 40 416
car 210 1 220 19
car 144 369 155 389
car 151 182 161 208
car 150 171 168 183
car 147 305 159 333
car 79 8 100 19
car 70 27 89 36
car 61 24 70 46
tree 269 312 306 353
tree 196 331 248 386
tree 109 295 148 343
tree 71 301 94 327
tree 36 290 72 332
tree 25 333 63 365
tree 27 396 49 414
tree 196 111 236 155
tree 224 137 250 174
tree 298 150 333 181
tree 364 90 405 133
tree 273 61 318 89
tree 280 15 334 59
tree 368 1 409 40
tree 1 174 41 214
tree 6 140 30 160
tree 22 26 62 66
tree 3 68 51 112
tree 1 14 23 47
