car 180 248 193 270
car 165 246 179 268
car 140 244 153 266
car 127 241 140 263
car 115 241 129 265
car 111 264 124 284
car 100 269 111 287
car 123 266 133 286
car 150 270 163 293
car 135 265 149 286
car 162 269 176 291
car 174 272 188 294
car 152 101 161 123
car 130 94 140 116
building 42 349 228 416
building 51 1 131 65
tree 137 179 192 235
tree 297 88 330 125
tree 353 56 396 106
tree 192 245 247 307
tree 261 200 319 260
tree 280 341 355 403
tree 46 226 111 295
car 102 242 115 263
tree 44 305 155 354
tree 176 330 209 363
tree 44 138 80 182
tree 62 58 125 117
tree 135 21 166 56
tree 361 1 410 28
