car 253 182 270 222
car 230 182 248 228
car 211 185 228 226
car 188 184 205 225
car 165 183 182 224
car 143 181 160 222
car 120 180 138 226
car 96 180 114 216
car 16 179 34 228
car 8 294 26 335
car 29 294 47 335
car 51 297 69 338
car 73 299 91 340
car 94 300 112 341
car 116 301 134 342
car 138 300 156 341
car 158 302 176 343
car 180 300 198 341
car 203 303 221 344
car 224 306 242 347
tree 14 110 60 154
tree 99 109 132 144
tree 127 113 155 144
tree 171 115 212 153
tree 222 117 252 148
tree 250 117 288 153
tree 304 119 340 155
building 10 1 416 107
