/opt/project/data/eval_images/P0020_1664_1248.png 225,177,299,268,0 303,189,376,265,0 396,144,416,214,0 251,73,324,151,0 39,112,118,200,0 69,36,114,109,0 19,215,111,285,0 50,328,99,413,0 1,347,40,416,0 210,1,220,19,2 144,369,155,389,2 151,182,161,208,2 150,171,168,183,2 147,305,159,333,2 79,8,100,19,2 70,27,89,36,2 61,24,70,46,2 269,312,306,353,1 196,331,248,386,1 109,295,148,343,1 71,301,94,327,1 36,290,72,332,1 25,333,63,365,1 27,396,49,414,1 196,111,236,155,1 224,137,250,174,1 298,150,333,181,1 364,90,405,133,1 273,61,318,89,1 280,15,334,59,1 368,1,409,40,1 1,174,41,214,1 6,140,30,160,1 22,26,62,66,1 3,68,51,112,1 1,14,23,47,1
/opt/project/data/eval_images/DJI_0683_0_0.jpg 279,255,329,317,1
/opt/project/data/eval_images/P0020_2496_0.png 180,248,193,270,2 165,246,179,268,2 140,244,153,266,2 127,241,140,263,2 115,241,129,265,2 111,264,124,284,2 100,269,111,287,2 123,266,133,286,2 150,270,163,293,2 135,265,149,286,2 162,269,176,291,2 174,272,188,294,2 152,101,161,123,2 130,94,140,116,2 42,349,228,416,0 51,1,131,65,0 137,179,192,235,1 297,88,330,125,1 353,56,396,106,1 192,245,247,307,1 261,200,319,260,1 280,341,355,403,1 46,226,111,295,1 102,242,115,263,2 44,305,155,354,1 176,330,209,363,1 44,138,80,182,1 62,58,125,117,1 135,21,166,56,1 361,1,410,28,1
/opt/project/data/eval_images/P0042_416_416.png 171,57,405,277,0 259,202,415,416,0 1,243,196,416,0 386,6,416,49,1 94,241,122,275,1 122,275,150,312,1 152,322,177,352,1 178,354,206,389,1
/opt/project/data/eval_images/P0070_416_0.png 336,31,360,62,2 337,131,354,159,2 345,281,357,311,2 310,307,325,339,2 240,123,269,159,2 207,94,229,115,2 230,1,296,32,1 200,123,232,153,1 199,151,241,195,1 160,260,182,286,1 184,334,240,386,1 186,301,212,327,1 218,265,283,336,1 198,246,223,276,1 219,230,250,259,1 196,281,219,305,1
/opt/project/data/eval_images/P0020_3744_832.png 340,223,411,310,0 258,368,306,416,0 205,343,253,416,0 105,338,148,406,0 17,310,102,401,0 85,206,131,253,1 92,288,122,321,1 133,320,175,362,1 168,374,218,416,1 323,363,387,416,1 386,390,416,416,1 390,356,416,388,1 399,307,416,331,1 393,278,416,307,1
/opt/project/data/eval_images/P0071_416_416.png 142,47,170,78,2 13,373,79,416,1
/opt/project/data/eval_images/P0070_416_416.png 334,342,365,375,2
/opt/project/data/eval_images/P0070_0_0.png 231,364,302,416,1 166,145,186,186,2 60,311,83,354,2 89,60,109,92,2
/opt/project/data/eval_images/P0030_416_1664.png 253,182,270,222,2 230,182,248,228,2 211,185,228,226,2 188,184,205,225,2 165,183,182,224,2 143,181,160,222,2 120,180,138,226,2 96,180,114,216,2 16,179,34,228,2 8,294,26,335,2 29,294,47,335,2 51,297,69,338,2 73,299,91,340,2 94,300,112,341,2 116,301,134,342,2 138,300,156,341,2 158,302,176,343,2 180,300,198,341,2 203,303,221,344,2 224,306,242,347,2 14,110,60,154,1 99,109,132,144,1 127,113,155,144,1 171,115,212,153,1 222,117,252,148,1 250,117,288,153,1 304,119,340,155,1 10,1,416,107,0
/opt/project/data/eval_images/P0020_3328_4576.png 288,290,308,312,2 262,295,278,312,2 214,364,232,384,2 178,216,232,273,1 225,120,343,210,1 71,267,129,323,1 49,327,121,381,1 8,368,90,416,1 18,24,52,60,1 42,1,75,24,1 105,68,157,113,0 134,16,212,79,0 69,23,125,66,0 16,60,98,132,0 1,143,57,231,0 162,7,185,25,2 95,151,112,168,2 68,138,88,155,2 65,174,86,189,2