building 0.9972 67.0 40.0 115.0 108.0
building 0.9947 42.0 104.0 120.0 200.0
tree 0.9907 194.0 333.0 246.0 384.0
building 0.9894 18.0 221.0 106.0 275.0
building 0.9860 235.0 190.0 291.0 270.0
building 0.9848 245.0 74.0 324.0 146.0
building 0.9844 313.0 204.0 370.0 259.0
building 0.9840 55.0 329.0 113.0 407.0
tree 0.9741 295.0 154.0 341.0 181.0
tree 0.9714 3.0 173.0 36.0 216.0
car 0.9628 144.0 369.0 157.0 390.0
building 0.9422 392.0 142.0 415.0 221.0
tree 0.9342 197.0 117.0 253.0 163.0
tree 0.9317 108.0 295.0 144.0 341.0
car 0.9313 150.0 181.0 162.0 208.0
tree 0.8867 271.0 317.0 306.0 349.0
tree 0.8677 18.0 70.0 64.0 112.0
tree 0.8573 223.0 2.0 246.0 23.0
tree 0.8479 103.0 173.0 151.0 213.0
car 0.8477 208.0 0.0 222.0 18.0
tree 0.8467 274.0 21.0 328.0 68.0
tree 0.8330 17.0 26.0 58.0 65.0
building 0.8285 0.0 374.0 38.0 413.0
tree 0.8197 364.0 81.0 409.0 125.0
tree 0.7305 27.0 336.0 59.0 360.0
tree 0.7297 6.0 144.0 32.0 165.0
tree 0.7182 23.0 299.0 67.0 335.0
car 0.7129 146.0 304.0 160.0 329.0
tree 0.6778 265.0 58.0 314.0 88.0
tree 0.6449 0.0 64.0 27.0 105.0
car 0.5698 139.0 0.0 172.0 7.0
tree 0.4556 407.0 244.0 416.0 261.0
tree 0.4359 370.0 142.0 391.0 158.0
building 0.4134 307.0 185.0 341.0 206.0
tree 0.3932 334.0 67.0 373.0 105.0
building 0.3845 370.0 402.0 416.0 415.0
building 0.3817 59.0 0.0 123.0 10.0
tree 0.3743 359.0 0.0 416.0 40.0
tree 0.3169 18.0 0.0 67.0 10.0
tree 0.3090 0.0 15.0 24.0 58.0
tree 0.3019 52.0 292.0 97.0 327.0
tree 0.2984 390.0 44.0 415.0 75.0
tree 0.2940 26.0 398.0 48.0 414.0
car 0.2580 153.0 169.0 169.0 183.0
