tree 0.9896 180.0 217.0 230.0 270.0
tree 0.9850 68.0 270.0 126.0 323.0
building 0.9828 14.0 59.0 102.0 120.0
building 0.9817 110.0 73.0 151.0 110.0
building 0.9670 64.0 25.0 120.0 60.0
car 0.9477 68.0 138.0 89.0 153.0
building 0.9277 0.0 137.0 56.0 209.0
tree 0.9222 8.0 373.0 83.0 415.0
car 0.9212 287.0 288.0 308.0 312.0
car 0.8889 212.0 365.0 233.0 383.0
tree 0.8816 230.0 131.0 318.0 208.0
tree 0.8651 6.0 25.0 55.0 57.0
building 0.8099 127.0 11.0 199.0 78.0
tree 0.7863 63.0 333.0 120.0 374.0
car 0.7665 67.0 172.0 87.0 188.0
tree 0.7377 40.0 0.0 76.0 21.0
tree 0.6459 42.0 334.0 80.0 361.0
tree 0.5895 358.0 27.0 386.0 81.0
building 0.5358 133.0 378.0 199.0 412.0
car 0.3979 94.0 151.0 111.0 166.0
tree 0.2632 37.0 333.0 100.0 365.0
