tree 0.9908 264.0 204.0 316.0 254.0
tree 0.9848 189.0 253.0 244.0 304.0
tree 0.9826 276.0 342.0 352.0 400.0
tree 0.9825 295.0 90.0 330.0 127.0
tree 0.9810 47.0 233.0 104.0 287.0
tree 0.9801 135.0 178.0 188.0 229.0
car 0.9766 148.0 272.0 164.0 294.0
car 0.9765 109.0 266.0 125.0 287.0
car 0.9656 164.0 246.0 182.0 268.0
car 0.9511 174.0 272.0 188.0 293.0
car 0.9502 179.0 248.0 194.0 269.0
tree 0.9446 70.0 64.0 127.0 111.0
car 0.9307 133.0 267.0 148.0 287.0
tree 0.8923 46.0 140.0 84.0 184.0
tree 0.8644 169.0 333.0 210.0 362.0
building 0.8449 38.0 351.0 198.0 412.0
tree 0.8197 356.0 45.0 407.0 106.0
car 0.8182 128.0 243.0 141.0 263.0
tree 0.8109 131.0 27.0 166.0 54.0
car 0.8012 139.0 245.0 155.0 267.0
car 0.7948 161.0 272.0 176.0 292.0
tree 0.7946 350.0 0.0 400.0 24.0
tree 0.7814 211.0 334.0 252.0 362.0
car 0.7790 150.0 100.0 162.0 120.0
tree 0.7222 158.0 114.0 181.0 138.0
tree 0.6711 106.0 313.0 160.0 349.0
tree 0.6075 72.0 314.0 128.0 351.0
car 0.5679 112.0 242.0 131.0 266.0
car 0.4940 128.0 97.0 140.0 117.0
car 0.2671 122.0 268.0 135.0 288.0
