tree 0.9904 81.0 209.0 131.0 251.0
building 0.9874 258.0 372.0 309.0 415.0
tree 0.9856 124.0 323.0 175.0 362.0
building 0.9851 18.0 324.0 101.0 398.0
building 0.9770 102.0 347.0 149.0 406.0
tree 0.9681 86.0 290.0 132.0 321.0
building 0.9654 279.0 104.0 322.0 147.0
building 0.9593 208.0 344.0 248.0 416.0
tree 0.9585 330.0 374.0 387.0 414.0
tree 0.9263 169.0 381.0 218.0 414.0
tree 0.9089 389.0 352.0 416.0 393.0
building 0.9031 341.0 231.0 411.0 309.0
tree 0.8220 11.0 283.0 31.0 304.0
tree 0.7354 275.0 249.0 289.0 259.0
tree 0.6331 394.0 273.0 416.0 319.0
tree 0.5735 201.0 251.0 216.0 265.0
tree 0.5623 356.0 127.0 381.0 146.0
building 0.5093 24.0 406.0 79.0 415.0
car 0.4208 136.0 217.0 149.0 231.0
tree 0.4134 255.0 197.0 274.0 210.0
tree 0.3991 295.0 224.0 311.0 234.0
tree 0.3953 396.0 303.0 416.0 331.0
tree 0.3528 145.0 261.0 160.0 274.0
building 0.3107 0.0 333.0 16.0 416.0
car 0.3089 88.0 404.0 105.0 416.0
tree 0.2545 404.0 255.0 416.0 281.0
