car 0.9862 16.0 179.0 36.0 228.0
car 0.9845 210.0 183.0 228.0 224.0
car 0.9839 187.0 184.0 208.0 223.0
car 0.9813 7.0 294.0 26.0 339.0
car 0.9807 229.0 180.0 248.0 225.0
car 0.9782 164.0 183.0 184.0 221.0
car 0.9757 225.0 301.0 244.0 349.0
car 0.9753 202.0 301.0 221.0 343.0
car 0.9752 28.0 297.0 48.0 335.0
car 0.9712 120.0 181.0 137.0 225.0
car 0.9611 116.0 298.0 134.0 343.0
car 0.9575 179.0 299.0 201.0 345.0
car 0.9573 252.0 182.0 271.0 220.0
car 0.9546 159.0 302.0 178.0 345.0
car 0.9522 136.0 297.0 155.0 340.0
car 0.9482 52.0 298.0 70.0 339.0
car 0.9382 74.0 295.0 92.0 342.0
car 0.9172 144.0 180.0 158.0 221.0
car 0.8870 94.0 295.0 111.0 340.0
car 0.8740 97.0 182.0 114.0 219.0
car 0.8701 0.0 293.0 6.0 339.0
tree 0.8555 304.0 123.0 337.0 152.0
tree 0.7432 15.0 116.0 55.0 161.0
tree 0.6952 100.0 112.0 151.0 151.0
tree 0.4987 247.0 120.0 289.0 155.0
building 0.4870 32.0 0.0 317.0 123.0
